{
 "cells": [
  {
   "cell_type": "markdown",
   "metadata": {},
   "source": [
    "## Api URLS\n",
    "#### https://www.alphavantage.co/documentation/\n",
    "#### https://datahub.io/core/s-and-p-500-companies#data-cli"
   ]
  },
  {
   "cell_type": "code",
   "execution_count": 8,
   "metadata": {},
   "outputs": [
    {
     "name": "stdout",
     "output_type": "stream",
     "text": [
      "Populating the interactive namespace from numpy and matplotlib\n"
     ]
    }
   ],
   "source": [
    "# import dependencies\n",
    "import csv\n",
    "import calendar\n",
    "\n",
    "# API Dependencies\n",
    "import requests\n",
    "import json\n",
    "from pandas.io.json import json_normalize # deal with nested columns in api\n",
    "\n",
    "# data science libraries\n",
    "import pandas as pd\n",
    "import matplotlib.pyplot as plt\n",
    "import numpy as np\n",
    "#chating for visualization \n",
    "\n",
    "\n",
    "\n",
    "#formatting detail for visualizations.\n",
    "%matplotlib inline\n",
    "%pylab inline\n",
    "\n",
    "# Config file keys.  We can import multiple keys variables in here\n",
    "from config import av_key # api key for alpha vantage"
   ]
  },
  {
   "cell_type": "code",
   "execution_count": 9,
   "metadata": {},
   "outputs": [
    {
     "data": {
      "text/html": [
       "<div>\n",
       "<style scoped>\n",
       "    .dataframe tbody tr th:only-of-type {\n",
       "        vertical-align: middle;\n",
       "    }\n",
       "\n",
       "    .dataframe tbody tr th {\n",
       "        vertical-align: top;\n",
       "    }\n",
       "\n",
       "    .dataframe thead th {\n",
       "        text-align: right;\n",
       "    }\n",
       "</style>\n",
       "<table border=\"1\" class=\"dataframe\">\n",
       "  <thead>\n",
       "    <tr style=\"text-align: right;\">\n",
       "      <th></th>\n",
       "      <th>Price</th>\n",
       "      <th>Price/Earnings</th>\n",
       "      <th>Dividend Yield</th>\n",
       "      <th>Earnings/Share</th>\n",
       "      <th>52 Week Low</th>\n",
       "      <th>52 Week High</th>\n",
       "      <th>Market Cap</th>\n",
       "      <th>EBITDA</th>\n",
       "      <th>Price/Sales</th>\n",
       "      <th>Price/Book</th>\n",
       "    </tr>\n",
       "    <tr>\n",
       "      <th>Sector</th>\n",
       "      <th></th>\n",
       "      <th></th>\n",
       "      <th></th>\n",
       "      <th></th>\n",
       "      <th></th>\n",
       "      <th></th>\n",
       "      <th></th>\n",
       "      <th></th>\n",
       "      <th></th>\n",
       "      <th></th>\n",
       "    </tr>\n",
       "  </thead>\n",
       "  <tbody>\n",
       "    <tr>\n",
       "      <th>Consumer Discretionary</th>\n",
       "      <td>10418.90</td>\n",
       "      <td>2119.49</td>\n",
       "      <td>132.082638</td>\n",
       "      <td>409.84</td>\n",
       "      <td>12342.2399</td>\n",
       "      <td>8071.758553</td>\n",
       "      <td>3213562747315</td>\n",
       "      <td>2.941510e+11</td>\n",
       "      <td>191.164584</td>\n",
       "      <td>2440.66</td>\n",
       "    </tr>\n",
       "    <tr>\n",
       "      <th>Information Technology</th>\n",
       "      <td>8347.00</td>\n",
       "      <td>2602.59</td>\n",
       "      <td>85.994554</td>\n",
       "      <td>217.70</td>\n",
       "      <td>9714.5049</td>\n",
       "      <td>6432.399100</td>\n",
       "      <td>6727121800912</td>\n",
       "      <td>4.313397e+11</td>\n",
       "      <td>411.609970</td>\n",
       "      <td>761.15</td>\n",
       "    </tr>\n",
       "    <tr>\n",
       "      <th>Health Care</th>\n",
       "      <td>8083.46</td>\n",
       "      <td>1406.27</td>\n",
       "      <td>55.951842</td>\n",
       "      <td>264.77</td>\n",
       "      <td>9806.2706</td>\n",
       "      <td>6326.874430</td>\n",
       "      <td>3244359043367</td>\n",
       "      <td>2.231056e+11</td>\n",
       "      <td>294.461598</td>\n",
       "      <td>540.34</td>\n",
       "    </tr>\n",
       "    <tr>\n",
       "      <th>Industrials</th>\n",
       "      <td>7831.47</td>\n",
       "      <td>1440.12</td>\n",
       "      <td>99.119260</td>\n",
       "      <td>358.05</td>\n",
       "      <td>9016.8249</td>\n",
       "      <td>6086.080600</td>\n",
       "      <td>2411541173034</td>\n",
       "      <td>2.052230e+11</td>\n",
       "      <td>172.417862</td>\n",
       "      <td>605.40</td>\n",
       "    </tr>\n",
       "    <tr>\n",
       "      <th>Financials</th>\n",
       "      <td>6055.81</td>\n",
       "      <td>1169.53</td>\n",
       "      <td>137.172367</td>\n",
       "      <td>301.71</td>\n",
       "      <td>6923.8857</td>\n",
       "      <td>4943.223800</td>\n",
       "      <td>3442649464852</td>\n",
       "      <td>3.597660e+10</td>\n",
       "      <td>228.356354</td>\n",
       "      <td>458.00</td>\n",
       "    </tr>\n",
       "    <tr>\n",
       "      <th>Real Estate</th>\n",
       "      <td>2927.52</td>\n",
       "      <td>741.15</td>\n",
       "      <td>128.527017</td>\n",
       "      <td>78.91</td>\n",
       "      <td>3648.1650</td>\n",
       "      <td>2734.976900</td>\n",
       "      <td>625315677562</td>\n",
       "      <td>4.568073e+10</td>\n",
       "      <td>328.768488</td>\n",
       "      <td>198.16</td>\n",
       "    </tr>\n",
       "    <tr>\n",
       "      <th>Consumer Staples</th>\n",
       "      <td>2711.98</td>\n",
       "      <td>746.75</td>\n",
       "      <td>82.735293</td>\n",
       "      <td>124.42</td>\n",
       "      <td>3156.2977</td>\n",
       "      <td>2343.601000</td>\n",
       "      <td>2087076388082</td>\n",
       "      <td>1.799275e+11</td>\n",
       "      <td>97.569396</td>\n",
       "      <td>1916.46</td>\n",
       "    </tr>\n",
       "    <tr>\n",
       "      <th>Materials</th>\n",
       "      <td>2559.67</td>\n",
       "      <td>513.56</td>\n",
       "      <td>43.449399</td>\n",
       "      <td>123.30</td>\n",
       "      <td>2950.9713</td>\n",
       "      <td>2139.581200</td>\n",
       "      <td>692300259151</td>\n",
       "      <td>5.710869e+10</td>\n",
       "      <td>71.902337</td>\n",
       "      <td>119.72</td>\n",
       "    </tr>\n",
       "    <tr>\n",
       "      <th>Energy</th>\n",
       "      <td>1852.40</td>\n",
       "      <td>1233.89</td>\n",
       "      <td>64.462468</td>\n",
       "      <td>-52.75</td>\n",
       "      <td>2322.8700</td>\n",
       "      <td>1540.519500</td>\n",
       "      <td>1357313712749</td>\n",
       "      <td>1.420450e+11</td>\n",
       "      <td>118.067035</td>\n",
       "      <td>73.20</td>\n",
       "    </tr>\n",
       "    <tr>\n",
       "      <th>Utilities</th>\n",
       "      <td>1545.45</td>\n",
       "      <td>471.70</td>\n",
       "      <td>105.258282</td>\n",
       "      <td>56.41</td>\n",
       "      <td>1917.9250</td>\n",
       "      <td>1478.465000</td>\n",
       "      <td>611632638471</td>\n",
       "      <td>9.758294e+10</td>\n",
       "      <td>71.710282</td>\n",
       "      <td>58.99</td>\n",
       "    </tr>\n",
       "    <tr>\n",
       "      <th>Telecommunication Services</th>\n",
       "      <td>100.81</td>\n",
       "      <td>33.57</td>\n",
       "      <td>22.703391</td>\n",
       "      <td>13.28</td>\n",
       "      <td>125.0800</td>\n",
       "      <td>88.511000</td>\n",
       "      <td>453042743905</td>\n",
       "      <td>1.009750e+11</td>\n",
       "      <td>4.533168</td>\n",
       "      <td>11.15</td>\n",
       "    </tr>\n",
       "  </tbody>\n",
       "</table>\n",
       "</div>"
      ],
      "text/plain": [
       "                               Price  Price/Earnings  Dividend Yield  \\\n",
       "Sector                                                                 \n",
       "Consumer Discretionary      10418.90         2119.49      132.082638   \n",
       "Information Technology       8347.00         2602.59       85.994554   \n",
       "Health Care                  8083.46         1406.27       55.951842   \n",
       "Industrials                  7831.47         1440.12       99.119260   \n",
       "Financials                   6055.81         1169.53      137.172367   \n",
       "Real Estate                  2927.52          741.15      128.527017   \n",
       "Consumer Staples             2711.98          746.75       82.735293   \n",
       "Materials                    2559.67          513.56       43.449399   \n",
       "Energy                       1852.40         1233.89       64.462468   \n",
       "Utilities                    1545.45          471.70      105.258282   \n",
       "Telecommunication Services    100.81           33.57       22.703391   \n",
       "\n",
       "                            Earnings/Share  52 Week Low  52 Week High  \\\n",
       "Sector                                                                  \n",
       "Consumer Discretionary              409.84   12342.2399   8071.758553   \n",
       "Information Technology              217.70    9714.5049   6432.399100   \n",
       "Health Care                         264.77    9806.2706   6326.874430   \n",
       "Industrials                         358.05    9016.8249   6086.080600   \n",
       "Financials                          301.71    6923.8857   4943.223800   \n",
       "Real Estate                          78.91    3648.1650   2734.976900   \n",
       "Consumer Staples                    124.42    3156.2977   2343.601000   \n",
       "Materials                           123.30    2950.9713   2139.581200   \n",
       "Energy                              -52.75    2322.8700   1540.519500   \n",
       "Utilities                            56.41    1917.9250   1478.465000   \n",
       "Telecommunication Services           13.28     125.0800     88.511000   \n",
       "\n",
       "                               Market Cap        EBITDA  Price/Sales  \\\n",
       "Sector                                                                 \n",
       "Consumer Discretionary      3213562747315  2.941510e+11   191.164584   \n",
       "Information Technology      6727121800912  4.313397e+11   411.609970   \n",
       "Health Care                 3244359043367  2.231056e+11   294.461598   \n",
       "Industrials                 2411541173034  2.052230e+11   172.417862   \n",
       "Financials                  3442649464852  3.597660e+10   228.356354   \n",
       "Real Estate                  625315677562  4.568073e+10   328.768488   \n",
       "Consumer Staples            2087076388082  1.799275e+11    97.569396   \n",
       "Materials                    692300259151  5.710869e+10    71.902337   \n",
       "Energy                      1357313712749  1.420450e+11   118.067035   \n",
       "Utilities                    611632638471  9.758294e+10    71.710282   \n",
       "Telecommunication Services   453042743905  1.009750e+11     4.533168   \n",
       "\n",
       "                            Price/Book  \n",
       "Sector                                  \n",
       "Consumer Discretionary         2440.66  \n",
       "Information Technology          761.15  \n",
       "Health Care                     540.34  \n",
       "Industrials                     605.40  \n",
       "Financials                      458.00  \n",
       "Real Estate                     198.16  \n",
       "Consumer Staples               1916.46  \n",
       "Materials                       119.72  \n",
       "Energy                           73.20  \n",
       "Utilities                        58.99  \n",
       "Telecommunication Services       11.15  "
      ]
     },
     "metadata": {},
     "output_type": "display_data"
    }
   ],
   "source": [
    "# determine the top companies from datahub stock cli\n",
    "data_url = \"https://datahub.io/core/s-and-p-500-companies-financials/r/constituents-financials.csv\"\n",
    "datahub_df = pd.read_csv(data_url) # raw_df\n",
    "\n",
    "# sector data - RKY: why do we use .sum() instead of .mean() here?\n",
    "sector_df = datahub_df.groupby(\"Sector\").sum() \n",
    "\n",
    "\n",
    "#sorts the sectors and shows the three largest according to price... \n",
    "# It is very important to note that calling this nlargest method creates a new DataFrame.\n",
    "# This is important because groupby data is harder to access, manipulate, output in my (RKY) opinion than DataFrames.\n",
    "most_price_df = sector_df.nlargest( 11,'Price')\n",
    "\n",
    "display(most_price_df)"
   ]
  },
  {
   "cell_type": "code",
   "execution_count": 10,
   "metadata": {},
   "outputs": [
    {
     "data": {
      "text/html": [
       "<div>\n",
       "<style scoped>\n",
       "    .dataframe tbody tr th:only-of-type {\n",
       "        vertical-align: middle;\n",
       "    }\n",
       "\n",
       "    .dataframe tbody tr th {\n",
       "        vertical-align: top;\n",
       "    }\n",
       "\n",
       "    .dataframe thead th {\n",
       "        text-align: right;\n",
       "    }\n",
       "</style>\n",
       "<table border=\"1\" class=\"dataframe\">\n",
       "  <thead>\n",
       "    <tr style=\"text-align: right;\">\n",
       "      <th></th>\n",
       "      <th>Price</th>\n",
       "      <th>Price/Earnings</th>\n",
       "      <th>Dividend Yield</th>\n",
       "      <th>Earnings/Share</th>\n",
       "      <th>52 Week Low</th>\n",
       "      <th>52 Week High</th>\n",
       "      <th>Market Cap</th>\n",
       "      <th>EBITDA</th>\n",
       "      <th>Price/Sales</th>\n",
       "      <th>Price/Book</th>\n",
       "    </tr>\n",
       "    <tr>\n",
       "      <th>Sector</th>\n",
       "      <th></th>\n",
       "      <th></th>\n",
       "      <th></th>\n",
       "      <th></th>\n",
       "      <th></th>\n",
       "      <th></th>\n",
       "      <th></th>\n",
       "      <th></th>\n",
       "      <th></th>\n",
       "      <th></th>\n",
       "    </tr>\n",
       "  </thead>\n",
       "  <tbody>\n",
       "    <tr>\n",
       "      <th>Information Technology</th>\n",
       "      <td>8347.00</td>\n",
       "      <td>2602.59</td>\n",
       "      <td>85.994554</td>\n",
       "      <td>217.70</td>\n",
       "      <td>9714.5049</td>\n",
       "      <td>6432.399100</td>\n",
       "      <td>6727121800912</td>\n",
       "      <td>4.313397e+11</td>\n",
       "      <td>411.609970</td>\n",
       "      <td>761.15</td>\n",
       "    </tr>\n",
       "    <tr>\n",
       "      <th>Financials</th>\n",
       "      <td>6055.81</td>\n",
       "      <td>1169.53</td>\n",
       "      <td>137.172367</td>\n",
       "      <td>301.71</td>\n",
       "      <td>6923.8857</td>\n",
       "      <td>4943.223800</td>\n",
       "      <td>3442649464852</td>\n",
       "      <td>3.597660e+10</td>\n",
       "      <td>228.356354</td>\n",
       "      <td>458.00</td>\n",
       "    </tr>\n",
       "    <tr>\n",
       "      <th>Health Care</th>\n",
       "      <td>8083.46</td>\n",
       "      <td>1406.27</td>\n",
       "      <td>55.951842</td>\n",
       "      <td>264.77</td>\n",
       "      <td>9806.2706</td>\n",
       "      <td>6326.874430</td>\n",
       "      <td>3244359043367</td>\n",
       "      <td>2.231056e+11</td>\n",
       "      <td>294.461598</td>\n",
       "      <td>540.34</td>\n",
       "    </tr>\n",
       "    <tr>\n",
       "      <th>Consumer Discretionary</th>\n",
       "      <td>10418.90</td>\n",
       "      <td>2119.49</td>\n",
       "      <td>132.082638</td>\n",
       "      <td>409.84</td>\n",
       "      <td>12342.2399</td>\n",
       "      <td>8071.758553</td>\n",
       "      <td>3213562747315</td>\n",
       "      <td>2.941510e+11</td>\n",
       "      <td>191.164584</td>\n",
       "      <td>2440.66</td>\n",
       "    </tr>\n",
       "    <tr>\n",
       "      <th>Industrials</th>\n",
       "      <td>7831.47</td>\n",
       "      <td>1440.12</td>\n",
       "      <td>99.119260</td>\n",
       "      <td>358.05</td>\n",
       "      <td>9016.8249</td>\n",
       "      <td>6086.080600</td>\n",
       "      <td>2411541173034</td>\n",
       "      <td>2.052230e+11</td>\n",
       "      <td>172.417862</td>\n",
       "      <td>605.40</td>\n",
       "    </tr>\n",
       "    <tr>\n",
       "      <th>Consumer Staples</th>\n",
       "      <td>2711.98</td>\n",
       "      <td>746.75</td>\n",
       "      <td>82.735293</td>\n",
       "      <td>124.42</td>\n",
       "      <td>3156.2977</td>\n",
       "      <td>2343.601000</td>\n",
       "      <td>2087076388082</td>\n",
       "      <td>1.799275e+11</td>\n",
       "      <td>97.569396</td>\n",
       "      <td>1916.46</td>\n",
       "    </tr>\n",
       "    <tr>\n",
       "      <th>Energy</th>\n",
       "      <td>1852.40</td>\n",
       "      <td>1233.89</td>\n",
       "      <td>64.462468</td>\n",
       "      <td>-52.75</td>\n",
       "      <td>2322.8700</td>\n",
       "      <td>1540.519500</td>\n",
       "      <td>1357313712749</td>\n",
       "      <td>1.420450e+11</td>\n",
       "      <td>118.067035</td>\n",
       "      <td>73.20</td>\n",
       "    </tr>\n",
       "    <tr>\n",
       "      <th>Materials</th>\n",
       "      <td>2559.67</td>\n",
       "      <td>513.56</td>\n",
       "      <td>43.449399</td>\n",
       "      <td>123.30</td>\n",
       "      <td>2950.9713</td>\n",
       "      <td>2139.581200</td>\n",
       "      <td>692300259151</td>\n",
       "      <td>5.710869e+10</td>\n",
       "      <td>71.902337</td>\n",
       "      <td>119.72</td>\n",
       "    </tr>\n",
       "    <tr>\n",
       "      <th>Real Estate</th>\n",
       "      <td>2927.52</td>\n",
       "      <td>741.15</td>\n",
       "      <td>128.527017</td>\n",
       "      <td>78.91</td>\n",
       "      <td>3648.1650</td>\n",
       "      <td>2734.976900</td>\n",
       "      <td>625315677562</td>\n",
       "      <td>4.568073e+10</td>\n",
       "      <td>328.768488</td>\n",
       "      <td>198.16</td>\n",
       "    </tr>\n",
       "    <tr>\n",
       "      <th>Utilities</th>\n",
       "      <td>1545.45</td>\n",
       "      <td>471.70</td>\n",
       "      <td>105.258282</td>\n",
       "      <td>56.41</td>\n",
       "      <td>1917.9250</td>\n",
       "      <td>1478.465000</td>\n",
       "      <td>611632638471</td>\n",
       "      <td>9.758294e+10</td>\n",
       "      <td>71.710282</td>\n",
       "      <td>58.99</td>\n",
       "    </tr>\n",
       "    <tr>\n",
       "      <th>Telecommunication Services</th>\n",
       "      <td>100.81</td>\n",
       "      <td>33.57</td>\n",
       "      <td>22.703391</td>\n",
       "      <td>13.28</td>\n",
       "      <td>125.0800</td>\n",
       "      <td>88.511000</td>\n",
       "      <td>453042743905</td>\n",
       "      <td>1.009750e+11</td>\n",
       "      <td>4.533168</td>\n",
       "      <td>11.15</td>\n",
       "    </tr>\n",
       "  </tbody>\n",
       "</table>\n",
       "</div>"
      ],
      "text/plain": [
       "                               Price  Price/Earnings  Dividend Yield  \\\n",
       "Sector                                                                 \n",
       "Information Technology       8347.00         2602.59       85.994554   \n",
       "Financials                   6055.81         1169.53      137.172367   \n",
       "Health Care                  8083.46         1406.27       55.951842   \n",
       "Consumer Discretionary      10418.90         2119.49      132.082638   \n",
       "Industrials                  7831.47         1440.12       99.119260   \n",
       "Consumer Staples             2711.98          746.75       82.735293   \n",
       "Energy                       1852.40         1233.89       64.462468   \n",
       "Materials                    2559.67          513.56       43.449399   \n",
       "Real Estate                  2927.52          741.15      128.527017   \n",
       "Utilities                    1545.45          471.70      105.258282   \n",
       "Telecommunication Services    100.81           33.57       22.703391   \n",
       "\n",
       "                            Earnings/Share  52 Week Low  52 Week High  \\\n",
       "Sector                                                                  \n",
       "Information Technology              217.70    9714.5049   6432.399100   \n",
       "Financials                          301.71    6923.8857   4943.223800   \n",
       "Health Care                         264.77    9806.2706   6326.874430   \n",
       "Consumer Discretionary              409.84   12342.2399   8071.758553   \n",
       "Industrials                         358.05    9016.8249   6086.080600   \n",
       "Consumer Staples                    124.42    3156.2977   2343.601000   \n",
       "Energy                              -52.75    2322.8700   1540.519500   \n",
       "Materials                           123.30    2950.9713   2139.581200   \n",
       "Real Estate                          78.91    3648.1650   2734.976900   \n",
       "Utilities                            56.41    1917.9250   1478.465000   \n",
       "Telecommunication Services           13.28     125.0800     88.511000   \n",
       "\n",
       "                               Market Cap        EBITDA  Price/Sales  \\\n",
       "Sector                                                                 \n",
       "Information Technology      6727121800912  4.313397e+11   411.609970   \n",
       "Financials                  3442649464852  3.597660e+10   228.356354   \n",
       "Health Care                 3244359043367  2.231056e+11   294.461598   \n",
       "Consumer Discretionary      3213562747315  2.941510e+11   191.164584   \n",
       "Industrials                 2411541173034  2.052230e+11   172.417862   \n",
       "Consumer Staples            2087076388082  1.799275e+11    97.569396   \n",
       "Energy                      1357313712749  1.420450e+11   118.067035   \n",
       "Materials                    692300259151  5.710869e+10    71.902337   \n",
       "Real Estate                  625315677562  4.568073e+10   328.768488   \n",
       "Utilities                    611632638471  9.758294e+10    71.710282   \n",
       "Telecommunication Services   453042743905  1.009750e+11     4.533168   \n",
       "\n",
       "                            Price/Book  \n",
       "Sector                                  \n",
       "Information Technology          761.15  \n",
       "Financials                      458.00  \n",
       "Health Care                     540.34  \n",
       "Consumer Discretionary         2440.66  \n",
       "Industrials                     605.40  \n",
       "Consumer Staples               1916.46  \n",
       "Energy                           73.20  \n",
       "Materials                       119.72  \n",
       "Real Estate                     198.16  \n",
       "Utilities                        58.99  \n",
       "Telecommunication Services       11.15  "
      ]
     },
     "metadata": {},
     "output_type": "display_data"
    }
   ],
   "source": [
    "# whichever sectors have the highest market cap will shown following the call below. \n",
    "\n",
    "market_cap_df = sector_df.nlargest(11, 'Market Cap')\n",
    "\n",
    "display(market_cap_df)"
   ]
  },
  {
   "cell_type": "code",
   "execution_count": 59,
   "metadata": {},
   "outputs": [
    {
     "data": {
